2.040050567224478001e-02
2.291054858232067018e-02
2.572771175881833836e-02
2.888886099450225023e-02
3.243499041431082558e-02
3.641155966590198939e-02
4.086880295696736914e-02
4.586197893417078009e-02
5.145151629105455121e-02
5.770299076269011507e-02
6.468684343499461753e-02
7.247771666833772997e-02
8.115324134145369961e-02
9.079205751762818577e-02
1.014707922250430716e-01
1.132596592820752646e-01
1.262163006553020939e-01
1.403774814429693263e-01
1.557483209593296669e-01
1.722889470875459683e-01
1.898988685739994020e-01
2.084000322678651318e-01
2.275204854291298373e-01
2.468817050606862129e-01
2.659937190692091558e-01
2.842626580117205704e-01
3.010147538112056265e-01
3.155385831126240048e-01
3.271435590717530206e-01
3.352280739551227184e-01
3.393467209983540012e-01
3.392642622237103112e-01
3.349854624730113639e-01
3.267544763379664485e-01
3.150239196353962767e-01
3.004001624561676853e-01
2.835758428308124413e-01
2.652619225010378057e-01
2.461297337776538197e-01
2.267694371732595915e-01
2.076667158647651501e-01
1.891957912495387528e-01
1.716246910889694666e-01
1.551281340524293395e-01
1.398039405608703933e-01
1.256899533032702909e-01
1.127795889790969008e-01
1.010350858112269018e-01
9.039817263571588157e-02
8.079828369547403799e-02
7.215864149408042494e-02
6.440059647238970120e-02
5.744660276068427190e-02
5.122216292065848858e-02
4.565701564657299871e-02
4.068578216451392005e-02
3.624823579368718213e-02
3.228931689931130444e-02
2.875898216933505877e-02
2.561195169698774615e-02
2.280739834578414046e-02
2.030860993961002350e-02
1.808264476075455499e-02
1.609999367534381901e-02
1.433425717199167046e-02
1.276184211133237108e-02
1.136168060501229447e-02
1.011497185161321782e-02
9.004946720406484251e-03
8.016654223667929458e-03
7.136768634411479011e-03
6.353415803645223563e-03
5.656017149622604399e-03
5.035149789099397852e-03
4.482421328202725735e-03
3.990357908157973234e-03
3.552304195197094217e-03
3.162334105377439565e-03
2.815171157793652269e-03
2.506117449957607612e-03
2.230990344632771509e-03
1.986066046834636736e-03
1.768029332422678315e-03
1.573928765535343279e-03
1.401136811168565569e-03
1.247314311759172316e-03
1.110378853098153073e-03
9.884765957071889406e-04
8.799571934264331869e-04
7.833514618388713472e-04
6.973514957374634749e-04
6.207929675409134922e-04
5.526393677686850317e-04
4.919679747515711809e-04
4.379573640055677616e-04
3.898762884288993545e-04
3.470737789617466570e-04
3.089703318156731280e-04
2.750500630510910316e-04
2.448537243500399727e-04
