6.283185307179586232e+00
7.058053059209258961e+00
7.928480627443848405e+00
8.906252833808386171e+00
1.000460785199562075e+01
1.123841644066736123e+01
1.262438328041702995e+01
1.418127314041843512e+01
1.593016493685781398e+01
1.789473712287627905e+01
2.010158827395100900e+01
2.258059720915847279e+01
2.536532752404428237e+01
2.849348201211798681e+01
3.200741312743925704e+01
3.595469639950892571e+01
4.038877456399692534e+01
4.536968113026939875e+01
5.096485318218132221e+01
5.725004441674098388e+01
6.431035078238468827e+01
7.224136260310000068e+01
8.115045878714235528e+01
9.115826064278992646e+01
1.024002649845209874e+02
1.150286786404307833e+02
1.292144791985022323e+02
1.451497298924169002e+02
1.630501799684211335e+02
1.831581857399199578e+02
2.057459918783055457e+02
2.311194173658026045e+02
2.596219960148854398e+02
2.916396276132465459e+02
3.276058026667220702e+02
3.680074714785861261e+02
4.133916370273716439e+02
4.643727609049760758e+02
5.216410825849188768e+02
5.859719646563154356e+02
6.582363905497905989e+02
7.394127568852900367e+02
8.306001200997859542e+02
9.330330767025258183e+02
1.048098478623378696e+03
1.177354209965347536e+03
1.322550279381933933e+03
1.485652513651531081e+03
1.668869173238982512e+03
1.874680850195520406e+03
2.105874053188307698e+03
2.365578934371275409e+03
2.657311668885805830e+03
2.985022060772376790e+03
3.353147019835206720e+03
3.766670633489538432e+03
4.231191646911370299e+03
4.752999265111423483e+03
5.339158303226560747e+03
5.997604837888583461e+03
6.737253654705534245e+03
7.568118946599775882e+03
8.501449897151875120e+03
9.549882984629282873e+03
1.072761306876200979e+04
1.205058557662953717e+04
1.353671238968634316e+04
1.520611435484608046e+04
1.708139370301078088e+04
1.918794006335155427e+04
2.155427421650474207e+04
2.421243424079839679e+04
2.719840927958894463e+04
3.055262680253486542e+04
3.432049995789605600e+04
3.855304242652598623e+04
4.330755910213816969e+04
4.864842194904814824e+04
5.464794154182156490e+04
6.138734608670643502e+04
6.895788117993708875e+04
7.746204519266648276e+04
8.701497700855226140e+04
9.774601490273738455e+04
1.098004476680732478e+05
1.233414816972930421e+05
1.385524506536886620e+05
1.556392976472905721e+05
1.748333635230222426e+05
1.963945190117947641e+05
2.206146831511089986e+05
2.478217756114737422e+05
2.783841564396562171e+05
3.127156133289810969e+05
3.512809639399081934e+05
3.946023491213863599e+05
4.432663022376398440e+05
4.979316903128424892e+05
5.593386345097890589e+05
6.283185307179585798e+05
